19059
547
25162
27873
5289
7975
2861
29756
16593
9701
3752
6608
29915
16759
26911
18801
25247
31922
18456
3609
32648
24171
22476
16004
2815
3436
23921
22411
3993
14388
10821
8258
19199
15474
13146
29648
10401
19008
23077
19729
15130
32544
12740
28653
24673
13495
19730
19574
31925
32587
24941
30660
30791
6142
19010
22160
27556
11976
14685
21907
9961
24630
8178
19356
32677
19172
7274
24948
4492
187
30959
7026
24033
20459
1718
24796
30113
8103
25103
7428
6768
23715
27438
22047
581
12623
32695
21988
10708
1488
16651
16361
25023
963
29525
12732
635
6577
16723
18628
