2220
16257
25036
32474
10504
19275
28664
9310
12503
14025
13264
20893
26491
14456
15773
27132
32526
4203
8531
28472
26178
27384
25045
29164
23545
16930
21486
32479
8355
27082
13579
5396
24923
12948
29114
28815
14529
20378
22499
13799
24981
27347
12488
19088
30488
5186
32446
26085
24355
30686
23209
9976
14852
1604
11577
15130
29724
31775
16358
24873
21817
29779
25004
21916
10676
28908
7046
29519
24906
1738
12461
5391
16315
6152
26253
997
31524
18737
20620
32291
25629
7458
7034
9008
29586
25533
5334
20498
23138
26450
27078
14528
28345
1230
22996
18981
4910
6817
22890
8436
